1301
1308
1309
1321
1330
1332
1333
1352
1356
1357
1360
1375
1376
1377
1379
1384
1400
1413
1414
1417
1419
1420
1429
1430
1433
1436
1446
1447
1448
1514
1515
1518
1540
1541
1545
1547
1552
1568
1570
1579
1605
1655
1662
1663
1671
1699
1712
1716
1717
1719
1720
1721
1724
1726
1762
1766
1768
1780
1786
1798
1801
1802
1803
1805
1808
1810
1812
1813
1814
1815
1820
1821
1822
1826
1827
1833
1835
1847
1848
1852
1860
1861
1866
1867
1870
1871
1873
1878
1879
1881
1882
1884
1885
1887
1888
1890
1893
1898
1899
1909
1911
1914
1921
1925
1926
1928
1929
1930
1934
1938
1939
1941
1942
1944
1945
1946
1949
1950
1951
1952
1954
1959
1961
1963
1964
1967
1968
1969
1972
1973
1975
1976
1979
1980
1982
2001
2002
2003
2004
2009
2035
2038
2053
2060
2108
2109
2112
2117
2120
2121
2124
2127
2130
2134
2139
2146
2148
2150
2152
2153
2154
2157
2158
2163
2168
2169
2170
2175
2180
2181
2183
2191
2193
2195
2196
2198
2201
2204
2206
2207
2209
2211
2212
2215
2217
2220
2222
2229
2264
2266
2267
2269
2270
2281
2282
2286
2288
2292
2294
2296
2301
2305
2307
2309
2311
2315
2317
2325
2326
2327
2331
2334
2335
2337
2342
2345
2351
2352
2353
2354
2359
2370
2371
2372
2374
2375
2376
2378
2379
2384
2385
2388
2389
2395
2404
2410
2412
2413
2418
2424
2425
2427
2428
2429
2432
2433
2437
2440
2445
2453
2459
2461
2462
2464
2471
2475
2477
2479
2484
2485
2487
2489
2491
2492
2501
2502
2503
2531
2533
2540
2558
2573
2579
2585
2587
2590
2593
2594
2597
2599
2602
2607
2612
2613
2633
2651
2656
2659
2664
2670
2673
2674
2676
2678
2681
2685
2686
2687
2689
2692
2694
2695
2698
2702
2706
2715
2722
2726
2729
2730
2733
2734
2735
2737
2742
2749
2752
2753
2760
2764
2767
2768
2780
2782
2784
2791
2792
2796
2801
2802
2804
2809
2810
2811
2812
2815
2818
2819
2820
2871
2874
2875
2882
2883
2884
2897
2899
2903
2904
2908
2910
2914
2915
2918
2922
2924
2925
2927
2929
2930
2931
2933
2934
2975
2978
2980
2981
2982
2983
2987
2991
2993
3001
3002
3003
3004
3023
3028
3030
3031
3034
3036
3038
3040
3042
3046
3048
3050
3053
3054
3064
3067
3076
3079
3082
3083
3085
3086
3087
3088
3091
3092
3093
3094
3097
3099
3101
3103
3104
3105
3106
3107
3109
3110
3111
3113
3116
3132
3134
3135
3139
3141
3148
3150
3151
3153
3154
3156
3157
3159
3160
3161
3166
3167
3168
3169
3172
3173
3175
3176
3178
3179
3180
3182
3183
3185
3186
3189
3190
3191
3192
3193
3196
3197
3198
3199
3201
3202
3204
3205
3221
3222
3228
3231
3232
3238
3244
3245
3246
3252
3254
3267
3271
3275
3276
3277
3278
3280
3284
3288
3289
3291
3294
3299
3302
3315
3319
3321
3323
3326
3328
3333
3341
3349
3355
3356
3360
3361
3370
3371
3382
3387
3388
3390
3391
3392
3393
3395
3396
3397
3401
3402
3405
3407
3415
3421
3431
3433
3434
3436
3441
3443
3445
3446
3447
3452
3454
3455
3457
3458
3463
3464
3465
3467
3475
3476
3480
3484
3486
3489
3491
3492
3496
3498
3501
3512
3521
3524
3526
3528
3529
3538
3539
3543
3544
3546
3547
3548
3549
3551
3553
3556
3558
3559
3561
3563
3565
3569
3571
3577
3580
3591
3593
3604
3607
3608
3611
3612
3623
3626
3627
3628
3632
3633
3634
3635
3636
3639
3640
3641
3647
3648
3649
3652
3655
3656
3657
3658
3659
3660
3661
3662
3663
3665
3666
3667
3668
3671
3672
3673
3675
3676
3677
3678
3679
3682
3683
3687
3688
3691
3694
3697
3708
3727
3738
3741
3750
3753
3760
3762
3763
3765
3769
3770
3771
3772
3774
3778
3782
3784
3788
3804
3814
3815
3817
3826
3834
3835
3836
3837
3839
3841
3843
3844
3845
3852
3853
3854
3856
3858
3861
3863
3864
3865
3877
3878
3880
3896
3900
3901
3903
3907
3909
3910
3911
3912
3915
3916
3918
3919
3920
3921
3922
3923
3926
3927
3928
3932
3934
3936
3937
3939
3940
3941
3945
3946
3948
3950
3961
3962
3963
3964
3965
3966
3967
3968
3969
3970
3976
3978
3979
3981
3983
3984
3985
3986
3989
3990
3992
3994
3996
3997
3999
4004
4005
4008
4011
4012
4014
4015
4016
4017
4020
4021
4022
4023
4025
4026
4027
4028
4031
4041
4042
4043
4044
4045
4046
4047
4051
4054
4055
4056
4060
4061
4062
4063
4064
4068
4069
4072
4073
4074
4075
4076
4078
4080
4082
4088
4091
4092
4093
4095
4097
4098
4099
4100
4109
4112
4114
4116
4118
4119
4124
4125
4151
4166
4169
4171
4172
4174
4175
4177
4178
4179
4180
4182
4183
4185
4186
4187
4188
4189
4193
4194
4198
4199
4202
4203
4204
4205
4206
4208
4212
4215
4216
4218
4220
4221
4222
4228
4229
4231
4235
4238
4245
4246
4248
4249
4255
4256
4258
4259
4261
4262
4264
4265
4272
4275
4286
4290
4293
4295
4298
4299
4301
4304
4307
4308
4310
4312
4316
4318
4319
4320
4323
4324
4326
4331
4333
4334
4337
4343
4344
4345
4346
4347
4348
4350
4356
4361
4362
4366
4368
4369
4370
4371
4372
4373
4374
4375
4376
4377
4378
4379
4380
4381
4384
4385
4390
4391
4392
4393
4394
4395
4396
4397
4401
4403
4404
4406
4410
4412
4413
4414
4415
4416
4417
4418
4419
4420
4423
4427
4430
4432
4433
4434
4437
4439
4440
4441
4443
4444
4445
4446
4449
4450
4452
4461
4462
4463
4465
4471
4478
4479
4480
4481
4483
4486
4487
4488
4490
4494
4495
4496
4498
4499
4502
4503
4506
4507
4512
4516
4519
4521
4523
4526
4527
4528
4530
4531
4534
4536
4538
4539
4540
4541
4543
4544
4547
4548
4549
4550
4551
4552
4553
4554
4556
4558
4559
4563
4565
4568
4569
4571
4572
4574
4575
4576
4577
4578
4579
4581
4582
4583
4584
4586
4587
4588
4591
4592
4593
4595
4596
4598
4599
4611
4612
4613
4615
4616
4617
4619
4620
4626
4631
4633
4634
4636
4641
4645
4651
4653
4657
4658
4661
4662
4665
4666
4667
4668
4671
4673
4674
4676
4678
4679
4680
4681
4684
4686
4687
4689
4694
4704
4707
4708
4709
4714
4716
4718
4719
4722
4725
4726
4728
4732
4733
4739
4743
4745
4746
4751
4755
4762
4763
4764
4767
4768
4772
4776
4777
4792
4801
4809
4812
4813
4819
4820
4825
4826
4828
4829
4837
4839
4845
4847
4848
4849
4880
4881
4883
4884
4885
4886
4887
4888
4889
4901
4902
4911
4912
4914
4917
4918
4919
4921
4922
4923
4926
4927
4928
4929
4931
4932
4951
4955
4956
4958
4963
4966
4967
4968
4970
4971
4973
4974
4975
4977
4978
4979
4980
4985
4992
4994
4996
4997
5009
5011
5013
5015
5017
5018
5019
5020
5021
5074
5076
5101
5105
5108
5110
5121
5122
5142
5184
5185
5186
5187
5191
5192
5195
5201
5202
5204
5208
5210
5212
5214
5216
5218
5232
5233
5261
5262
5269
5273
5279
5284
5288
5301
5302
5310
5331
5332
5333
5334
5344
5351
5352
5357
5358
5363
5367
5384
5388
5391
5393
5395
5401
5406
5408
5410
5411
5423
5440
5444
5445
5449
5451
5463
5464
5471
5476
5480
5481
5482
5486
5491
5541
5563
5602
5603
5609
5612
5631
5632
5644
5658
5659
5698
5699
5702
5703
5706
5707
5711
5713
5714
5715
5721
5726
5727
5729
5741
5757
5759
5781
5801
5802
5803
5805
5807
5809
5819
5821
5851
5852
5857
5901
5902
5909
5911
5915
5922
5923
5929
5930
5932
5933
5936
5938
5942
5943
5945
5946
5947
5949
5950
5951
5957
5958
5959
5962
5970
5975
5976
5981
5982
5985
5986
5988
5989
5991
5992
5998
6005
6013
6016
6028
6029
6030
6031
6032
6035
6036
6037
6044
6047
6048
6050
6054
6055
6058
6059
6062
6063
6070
6071
6073
6078
6080
6082
6083
6086
6087
6088
6089
6093
6094
6095
6096
6098
6099
6101
6103
6104
6113
6118
6121
6125
6134
6135
6136
6137
6140
6141
6143
6146
6149
6151
6157
6158
6161
6165
6166
6167
6171
6172
6175
6178
6180
6182
6183
6184
6185
6186
6188
6189
6190
6191
6192
6193
6194
6196
6197
6198
6199
6200
6201
6203
6205
6210
6218
6222
6227
6235
6236
6237
6238
6239
6240
6247
6250
6254
6258
6262
6264
6266
6268
6269
6272
6273
6277
6278
6282
6284
6287
6289
6291
6292
6293
6294
6298
6301
6302
6305
6306
6309
6310
6312
6315
6316
6317
6319
6323
6324
6325
6326
6328
6330
6331
6332
6333
6336
6337
6339
6340
6345
6349
6351
6355
6356
6358
6361
6362
6363
6364
6366
6367
6368
6369
6370
6371
6373
6376
6378
6379
6381
6383
6387
6390
6393
6395
6406
6407
6409
6412
6413
6417
6418
6419
6420
6425
6428
6430
6432
6436
6440
6444
6445
6448
6454
6455
6457
6458
6459
6460
6461
6462
6463
6464
6465
6466
6469
6470
6471
6472
6473
6474
6479
6480
6481
6482
6485
6486
6489
6490
6493
6495
6498
6501
6502
6503
6504
6505
6506
6507
6508
6513
6516
6517
6521
6522
6523
6524
6532
6533
6535
6538
6539
6540
6541
6544
6546
6548
6549
6551
6552
6553
6554
6555
6556
6557
6558
6560
6561
6563
6564
6565
6567
6569
6571
6572
6573
6574
6577
6578
6579
6580
6584
6586
6588
6590
6592
6594
6597
6599
6612
6613
6614
6615
6616
6617
6618
6619
6620
6622
6626
6627
6630
6632
6638
6640
6641
6644
6645
6651
6652
6653
6654
6658
6663
6666
6668
6670
6674
6675
6676
6677
6678
6694
6696
6697
6699
6701
6702
6703
6704
6706
6707
6715
6718
6721
6723
6724
6727
6728
6730
6737
6740
6741
6742
6744
6745
6748
6750
6752
6753
6754
6755
6758
6762
6763
6768
6769
6770
6771
6772
6776
6777
6779
6785
6787
6788
6789
6794
6798
6800
6803
6804
6806
6807
6809
6810
6814
6815
6817
6820
6822
6823
6826
6835
6836
6837
6840
6841
6844
6845
6848
6849
6850
6853
6855
6856
6857
6858
6859
6861
6862
6864
6869
6871
6875
6877
6879
6890
6897
6898
6901
6902
6904
6905
6907
6908
6912
6914
6915
6916
6920
6923
6924
6925
6926
6927
6928
6929
6932
6937
6938
6941
6943
6946
6947
6951
6952
6954
6957
6958
6961
6962
6963
6965
6966
6967
6969
6971
6973
6976
6981
6982
6986
6988
6989
6993
6995
6996
6997
6998
6999
7003
7004
7011
7012
7013
7014
7018
7022
7030
7031
7033
7034
7035
7036
7037
7038
7042
7043
7047
7050
7057
7059
7060
7062
7063
7064
7065
7066
7067
7068
7069
7070
7071
7072
7074
7078
7079
7081
7082
7084
7085
7086
7087
7088
7089
7091
7092
7093
7094
7095
7096
7102
7105
7122
7126
7127
7128
7131
7133
7134
7148
7161
7162
7164
7167
7172
7173
7177
7180
7181
7182
7183
7184
7186
7187
7189
7191
7192
7196
7198
7199
7201
7202
7203
7205
7211
7212
7213
7214
7215
7217
7220
7222
7224
7226
7231
7236
7238
7239
7240
7241
7242
7244
7245
7246
7247
7250
7254
7256
7259
7261
7265
7266
7267
7269
7270
7271
7272
7276
7277
7278
7280
7282
7283
7284
7291
7294
7296
7298
7305
7309
7313
7317
7318
7320
7322
7325
7327
7337
7343
7345
7347
7350
7352
7353
7354
7358
7359
7360
7361
7362
7363
7366
7367
7370
7373
7375
7376
7377
7379
7380
7381
7383
7408
7414
7416
7417
7419
7420
7421
7426
7427
7433
7438
7442
7445
7447
7451
7453
7455
7456
7458
7463
7466
7467
7475
7476
7477
7480
7481
7482
7483
7487
7494
7501
7504
7506
7508
7510
7512
7513
7514
7516
7518
7520
7522
7524
7525
7527
7532
7537
7545
7550
7552
7554
7561
7570
7575
7581
7585
7590
7593
7595
7596
7599
7600
7601
7604
7605
7606
7607
7608
7609
7611
7613
7615
7616
7618
7619
7628
7630
7634
7637
7640
7646
7649
7673
7676
7679
7681
7683
7685
7689
7694
7695
7697
7701
7702
7709
7711
7715
7717
7718
7721
7725
7727
7729
7730
7731
7732
7733
7734
7735
7739
7740
7741
7743
7744
7745
7747
7748
7751
7752
7760
7762
7769
7771
7775
7776
7777
7780
7782
7792
7806
7807
7808
7809
7811
7817
7818
7819
7820
7821
7822
7823
7826
7827
7829
7831
7832
7833
7838
7839
7840
7844
7846
7849
7856
7860
7862
7864
7867
7872
7874
7875
7885
7888
7893
7896
7897
7898
7905
7906
7908
7911
7912
7914
7915
7917
7918
7921
7925
7928
7931
7936
7937
7940
7942
7943
7944
7947
7949
7951
7952
7955
7956
7958
7961
7962
7965
7966
7970
7971
7972
7974
7976
7979
7980
7981
7984
7987
7988
7989
7990
7994
7995
7999
8001
8002
8005
8007
8008
8011
8012
8013
8014
8015
8016
8018
8020
8022
8025
8029
8031
8032
8035
8037
8040
8041
8043
8050
8051
8053
8056
8057
8058
8059
8060
8061
8065
8068
8070
8074
8075
8077
8078
8079
8081
8084
8086
8088
8091
8093
8095
8096
8098
8101
8103
8104
8111
8113
8114
8118
8125
8127
8129
8130
8131
8132
8133
8135
8136
8137
8139
8140
8141
8142
8150
8151
8153
8154
8155
8157
8158
8159
8160
8163
8165
8166
8167
8168
8173
8174
8179
8181
8182
8185
8194
8198
8200
8203
8207
8214
8217
8218
8219
8226
8227
8230
8233
8237
8242
8244
8252
8253
8254
8255
8256
8260
8267
8273
8275
8276
8278
8279
8281
8282
8283
8285
8289
8291
8303
8304
8306
8308
8309
8316
8331
8334
8336
8337
8338
8341
8342
8343
8344
8345
8346
8349
8350
8354
8355
8358
8359
8360
8361
8362
8364
8366
8367
8368
8369
8370
8377
8381
8382
8383
8385
8386
8387
8388
8392
8393
8395
8399
8410
8411
8416
8418
8424
8425
8439
8508
8511
8515
8518
8521
8522
8524
8527
8530
8541
8542
8544
8550
8551
8558
8566
8570
8572
8584
8585
8591
8593
8595
8596
8600
8601
8604
8609
8613
8614
8616
8617
8622
8624
8628
8630
8697
8698
8706
8707
8708
8713
8714
8715
8725
8732
8739
8742
8746
8750
8766
8769
8771
8772
8793
8795
8798
8801
8802
8803
8804
8806
8818
8830
8835
8841
8842
8850
8860
8864
8869
8871
8876
8877
8881
8886
8890
8892
8897
8904
8905
8908
8917
8918
8919
8920
8923
8928
8929
8934
8935
8938
8940
8944
8945
8946
8958
8963
8975
8984
8985
8986
8999
9001
9003
9005
9006
9007
9008
9009
9010
9014
9020
9021
9022
9024
9025
9031
9037
9039
9041
9042
9044
9045
9046
9048
9052
9055
9058
9064
9065
9066
9067
9068
9069
9070
9072
9073
9074
9075
9076
9078
9081
9086
9090
9099
9101
9104
9107
9110
9115
9119
9127
9130
9142
9143
9201
9202
9211
9212
9232
9240
9241
9242
9244
9245
9246
9247
9248
9249
9250
9251
9253
9254
9260
9262
9263
9265
9267
9268
9272
9273
9274
9275
9278
9279
9301
9302
9303
9304
9305
9306
9308
9310
9312
9319
9322
9324
9325
9326
9351
9358
9360
9362
9363
9364
9366
9368
9369
9375
9377
9380
9381
9384
9385
9386
9401
9404
9405
9409
9412
9413
9414
9416
9417
9418
9419
9422
9424
9428
9432
9433
9434
9435
9438
9449
9450
9466
9467
9468
9470
9474
9475
9478
9479
9501
9502
9503
9504
9505
9506
9507
9508
9509
9511
9513
9514
9517
9519
9522
9531
9532
9533
9534
9535
9536
9543
9551
9600
9601
9602
9603
9605
9610
9612
9613
9616
9619
9621
9622
9625
9627
9628
9629
9632
9633
9644
9658
9663
9672
9675
9678
9682
9684
9685
9692
9696
9697
9699
9702
9704
9706
9715
9716
9717
9719
9722
9728
9729
9731
9735
9739
9740
9742
9743
9744
9746
9749
9755
9757
9759
9760
9763
9765
9766
9768
9769
9783
9787
9788
9790
9793
9795
9810
9818
9824
9828
9830
9831
9832
9837
9842
9843
9850
9854
9856
9861
9869
9872
9873
9878
9880
9882
9887
9889
9896
9900
9902
9908
9919
9928
9930
9932
9934
9936
9945
9946
9948
9956
9960
9962
9972
9974
9979
9982
9983
9984
9986
9987
9989
9990
9991
9993
9994
9995
9997